+917569084255
+919177855125
+917842292722
+918919251482
+919848180306
+917993493222
+919989996823
+918977169860
+917893759989
+919177419018
+919391318311
+918019243798
+917780322906
+919133234792
+919908697341
+919849358195
+919866308394
+918897570863
+918019177248
+919390491077
+919014566163
+919182397892
+919640784943
+919032182333
+917569388809
+916303987116
+919030384510
+917569355519
+917904411858
+919182055357
+918333098178
+919912354777
+919390042755
+919703233311
+916281686584
+919951810788
+919391790120
+918919636977
+918500703107
+919392699718
+918977401649
+919866909655
+918790894551
+918019858570
+918328691140
+917674885961
+918121589029
+917995545827
+916304736277
+919182981529
+919492805393
+919390485457
+916303196686
+917997944057
+918125461987
+919985197102
+918977211806
+916302649498
+918247438497
+916302942632
+916281469839
+918790235840
+917780329906